	Amsterdam	Athínai	Barcelona	Basel	Beograd	Berlin	Bern	Bordeaux	Bratislava	Brindisi	Bruxelles	Bucuresti	Budapest	Calais	Dublin	Edinburgh	Esbjerg	Frankfurt am Main	Frederikshavn	Genève	Genova	Hamburg	Hammerfest	Helsinki	Hoek v. Holland	Innsbruck	Istanbul	Köln	København	Lisboa	Ljubljana	London	Luxembourg	Madrid	Málaga	Marseille	Milano	Moskva	München	Oslo	Palermo	Paris	Praha	Puttgarden	Roma	Sassnitz	Sofija	Stockholm	Tallinn	Trieste	Wien	Warszawa	Zagreb	Zürich
Amsterdam	0	2970	1620	760	1800	660	850	1070	1230	2130	210	2328	1442	380	878	1000	720	460	960	880	1280	440	3240	1830	80	980	2780	260	760	2300	1280	550	390	1760	2340	1280	1140	2541	843	1370	2690	510	910	590	1730	600	2190	1390	2280	1360	1160	1220	1410	880
Athínai	2970	0	3250	2490	1170	2470	2520	3400	1820	660	2810	1299	1634	3020	3933	3840	3010	2530	3290	2530	2350	2770	5320	3910	2990	2090	1130	2740	2880	4530	1690	3200	2600	3880	4310	2750	2210	3217	2227	3460	3340	2940	2130	2920	2450	2760	820	3470	3310	1790	1810	2250	1560	2599
Barcelona	1620	3250	0	1010	2080	1840	920	660	1830	1970	1410	2650	2020	1400	2110	2200	2070	1340	2310	770	900	1790	4590	3180	1590	1300	3050	1350	2110	1280	1550	1560	1160	630	1060	500	1040	3730	1410	2720	2370	1110	1690	1940	1410	2100	2470	2740	3510	1440	1760	2450	1680	1050
Basel	760	2490	1010	0	1380	860	90	950	910	1350	550	1830	1000	750	1440	1530	1100	330	1340	230	520	820	3620	2210	730	380	2360	450	1140	1140	870	890	330	1640	2070	670	380	2630	470	1750	1930	490	730	970	970	1130	1770	1770	2410	770	840	1350	1000	90
Beograd	1800	1170	2080	1380	0	1310	1330	2040	650	1680	1670	713	395	1860	2694	2670	1880	1370	2120	1370	1180	1600	4170	2760	1850	910	980	1540	1680	3360	520	2030	1430	2710	3140	1580	1040	2147	988	2300	2170	1780	969	1750	1280	1600	390	2320	2140	620	650	1080	390	1290
Berlin	660	2470	1840	860	1310	0	930	1660	660	2010	780	1771	922	990	1720	1810	470	1080	810	1080	1130	289	2870	1460	740	730	2290	570	390	3000	1310	1170	750	2530	2900	1520	1010	1856	584	1000	2450	1090	340	440	1490	290	1700	1020	1620	1090	660	560	1440	845
Bern	850	2520	920	90	1330	930	0	860	930	1320	640	1900	1130	840	1520	1610	1190	410	1430	150	490	910	3710	2300	820	400	2320	580	1230	2200	790	970	420	1550	2020	580	350	2680	440	1840	1900	550	780	1060	940	1220	1720	1860	2460	770	860	1400	920	130
Bordeaux	1070	3400	660	950	2040	1660	860	0	1790	2100	860	2630	1990	850	1530	1620	1760	1030	2000	710	1060	1480	4280	2870	1040	1260	3020	1050	1800	1230	1520	980	880	690	1270	630	1000	3580	1320	2410	2500	560	1540	1630	1540	1790	2430	2430	3360	1420	1720	2300	1650	990
Bratislava	1230	1820	1830	910	650	660	930	1790	0	1750	1190	1080	250	1440	2130	2220	1230	790	1470	1080	1030	950	3540	1680	1270	530	1570	980	1060	3070	420	1580	1000	2450	2890	1440	890	1900	530	1670	2100	1270	320	1100	1210	950	1040	1690	1680	520	70	620	440	820
Brindisi	2130	660	1970	1350	1680	2010	1320	2100	1750	0	1900	2270	1790	2120	2720	2810	2450	1690	2690	1920	1070	2170	4970	3430	2080	1270	1100	1890	2490	3250	1200	2170	1680	2600	3030	1470	990	3650	1440	3100	630	1790	1800	2320	580	2300	2070	3120	3430	1100	1680	2370	1420	1290
Bruxelles	210	2810	1410	550	1670	780	640	860	1190	1900	0	2283	1397	210	940	1030	880	410	1120	680	1070	600	3400	1990	180	870	2650	220	920	2090	1350	390	220	1550	2130	1070	930	2645	798	1530	2480	300	911	750	1520	910	2060	1550	2400	1250	1120	1340	1480	659
Bucuresti	2328	1299	2650	1830	713	1771	1900	2630	1080	2270	2283	0	830	2460	3191	3230	2310	1800	2550	2172	1770	2060	4630	3220	2380	1500	730	2070	2134	4147	1110	2590	2030	3280	3710	2150	1630	1918	1701	2734	2760	2447	1460	2180	2034	2320	427	2764	2270	1210	1151	1181	970	2003
Budapest	1442	1634	2020	1000	395	922	1130	1990	250	1790	1397	830	0	1580	2035	2400	1480	970	1720	1294	1150	1211	3770	2360	1550	730	1320	1240	1833	3241	460	1771	1200	2620	3080	1530	1010	1953	711	1962	2210	1561	574	1350	1349	1490	777	1992	1740	560	265	674	330	1013
Calais	380	3020	1400	750	1860	990	840	850	1440	2120	210	2460	1580	0	670	760	1090	620	1330	840	1270	820	3610	2200	390	1040	2840	410	1130	2360	1560	120	420	1540	2120	1060	1130	2830	1010	1740	2680	290	1120	960	1720	1130	2250	1760	2610	1460	1360	1550	1700	840
Dublin	878	3933	2110	1440	2694	1720	1520	1530	2130	2720	940	3191	2035	670	0	500	1820	1350	2060	1570	1920	1540	4340	2930	880	1790	3560	1080	1860	2870	2270	550	1150	2220	2800	1760	1770	3560	1560	2470	3320	1000	1860	1690	2360	1850	2970	2490	3340	2170	2060	2280	2400	1567
Edinburgh	1000	3840	2200	1530	2670	1810	1610	1620	2220	2810	1030	3230	2400	760	500	0	1910	1440	2150	1580	2010	1630	4430	3020	980	1880	3650	1250	1950	2960	2370	640	1240	2310	2890	1850	1860	3650	1780	2560	3410	1090	1950	1780	2450	1940	3060	2580	3430	2270	2150	2370	2500	1620
Esbjerg	720	3010	2070	1100	1880	470	1190	1760	1230	2450	880	2310	1480	1090	1820	1910	0	770	330	1340	1620	280	2650	1360	800	1200	2840	510	290	2990	1360	1270	910	2450	3030	1730	1480	2410	1070	550	2920	1200	910	360	1960	590	2270	920	1040	1260	1230	1130	1500	1210
Frankfurt am Main	460	2530	1340	330	1370	1080	410	1030	790	1690	410	1800	970	620	1350	1440	770	0	1010	570	860	490	3290	1880	490	520	2320	200	810	2470	830	800	230	1820	2400	1000	720	2380	400	1420	2240	571	500	640	1280	800	1740	1440	2160	900	720	1100	970	440
Frederikshavn	960	3290	2310	1340	2120	810	1430	2000	1470	2690	1120	2550	1720	1330	2060	2150	330	1010	0	1580	1860	520	2370	1560	1040	1440	3080	950	490	3230	1600	1510	1150	2690	3270	1970	1720	2650	1320	inf	3160	1440	1150	570	2200	760	2510	1120	700	1500	1470	1370	1740	1450
Genève	880	2530	770	230	1370	1080	150	710	1080	1920	680	2172	1294	840	1570	1580	1340	570	1580	0	430	1090	3890	2450	860	550	2330	710	1380	2050	840	930	490	1400	1830	430	330	2995	583	1990	1880	571	948	1170	910	1370	1760	2010	2610	740	1010	1550	980	281
Genova	1280	2350	900	520	1180	1130	490	1060	1030	1070	1070	1770	1150	1270	1920	2010	1620	860	1860	430	0	1340	4140	2730	1250	510	2160	970	1660	2180	660	1370	850	1530	1960	400	140	2930	700	2270	1470	940	1030	1490	510	1420	1570	2290	2710	550	970	1650	790	410
Hamburg	440	2770	1790	820	1600	289	910	1480	950	2170	600	2060	1211	820	1540	1630	280	490	520	1090	1340	0	2800	1390	520	920	2560	430	320	2710	1080	990	630	2170	2750	1450	1200	2130	782	930	2640	920	630	150	1680	310	1990	950	1910	1300	950	850	1210	932
Hammerfest	3240	5320	4590	3620	4170	2870	3710	4280	3540	4970	3400	4630	3770	3610	4340	4430	2650	3290	2370	3890	4140	2800	0	1470	3320	3720	5150	3230	2480	5510	3650	3790	3430	4970	5650	4250	4000	2700	2610	2100	5440	3720	3220	2670	4480	2850	4590	1850	1470	1500	3530	3360	3790	3730
Helsinki	1830	3910	3180	2210	2760	1460	2300	2870	1680	3430	1990	3220	2360	2200	2930	3020	1360	1880	1560	2450	2730	1390	1470	0	1910	2310	3740	1820	1070	4100	2240	2380	2020	3560	4240	2840	2590	1230	1880	980	4030	2310	1810	1260	3070	1210	3180	inf	inf	2700	2120	1950	2370	2223
Hoek v.Holland	80	2990	1590	730	1850	740	820	1040	1270	2080	180	2380	1550	390	880	980	800	490	1040	860	1250	520	3320	1910	0	1010	2830	290	840	2270	1330	330	400	1730	2310	1250	1110	2580	600	1450	2660	480	990	660	1760	830	2220	1470	2360	1230	1200	1300	1460	840
Innsbruck	980	2090	1300	380	910	730	400	1260	530	1270	870	1500	730	1040	1790	1880	1200	520	1440	550	510	920	3720	2310	1010	0	1890	720	1240	2560	390	1240	640	1910	2360	900	370	2430	160	1850	1720	860	530	1070	760	1020	1300	1870	2210	480	460	1150	520	290
Istanbul	2780	1130	3050	2360	980	2290	2320	3020	1570	1100	2650	730	1320	2840	3560	3650	2840	2320	3080	2330	2160	2560	5150	3740	2830	1890	0	2510	2680	4340	1500	3010	2420	3690	4120	2560	2020	2610	1810	3280	3150	2750	1890	2710	2260	2580	590	3300	3000	1600	1570	1940	1360	2270
Köln	260	2740	1350	450	1540	570	580	1050	980	1890	220	2070	1240	410	1080	1250	510	200	950	710	970	430	3230	1820	290	720	2510	0	750	2360	1190	610	200	1740	2320	1000	880	2410	580	1360	2430	490	700	580	1470	740	1930	1380	2190	1090	910	1130	1330	560
København	760	2880	2110	1140	1680	390	1230	1800	1060	2490	920	2134	1833	1130	1860	1950	290	810	490	1380	1660	320	2480	1070	840	1240	2680	750	0	3070	1160	1310	950	2490	3170	1770	1520	2250	1094	610	2960	1240	740	190	2000	160	2070	630	770	1640	1040	970	1300	1239
Lisboa	2300	4530	1280	1140	3360	3000	2200	1230	3070	3250	2090	4147	3241	2360	2870	2960	2990	2470	3230	2050	2180	2710	5510	4100	2270	2560	4340	2360	3070	0	2810	2320	2130	650	630	1780	2300	4810	2680	3640	3650	1792	2910	2860	2690	3020	3750	3660	4590	2710	3000	3530	2950	2228
Ljubljana	1280	1690	1550	870	520	1310	790	1520	420	1200	1350	1110	460	1560	2270	2370	1360	830	1600	840	660	1080	3650	2240	1330	390	1500	1190	1160	2810	0	1510	910	2160	2600	1060	520	2410	440	1780	1650	1340	690	1230	760	1080	900	1800	2190	100	350	1130	140	810
London	550	3200	1560	890	2030	1170	970	980	1580	2170	390	2590	1771	120	550	640	1270	800	1510	930	1370	990	3790	2380	330	1240	3010	610	1310	2320	1510	0	600	1670	2250	1210	1220	3010	1130	1920	2770	450	1310	1140	1810	1300	2420	1940	2790	1620	1510	1730	1650	1033
Luxembourg	390	2600	1160	330	1430	750	420	880	1000	1680	220	2030	1200	420	1150	1240	910	230	1150	490	850	630	3430	2020	400	640	2420	200	950	2130	910	600	0	1590	2170	820	710	2624	590	1560	2260	340	730	780	1300	940	1820	1580	2410	1030	930	1350	1050	443
Madrid	1760	3880	630	1640	2710	2530	1550	690	2450	2600	1550	3280	2620	1540	2220	2310	2450	1820	2690	1400	1530	2170	4970	3560	1730	1910	3690	1740	2490	650	2160	1670	1590	0	580	1130	1670	4216	2030	3100	3000	1250	2310	2320	2040	2480	3070	3120	3990	2060	2380	2930	2300	1696
Málaga	2340	4310	1060	2070	3140	2900	2020	1270	2890	3030	2130	3710	3080	2120	2800	2890	3030	2400	3270	1830	1960	2750	5650	4240	2310	2360	4120	2320	3170	630	2600	2250	2170	580	0	1560	2100	4790	2460	3780	3430	1830	2750	2900	2470	3060	3530	3800	4570	2500	2820	3510	2740	2120
Marseille	1280	2750	500	670	1580	1520	580	630	1440	1470	1070	2150	1530	1060	1760	1850	1730	1000	1970	430	400	1450	4250	2840	1250	900	2560	1000	1770	1780	1060	1210	820	1130	1560	0	540	3260	1110	2380	1870	770	1360	1600	910	1760	1970	2400	3040	960	1370	1980	1200	675
Milano	1140	2210	1040	380	1040	1010	350	1000	890	990	930	1630	1010	1130	1770	1860	1480	720	1720	330	140	1200	4000	2590	1110	370	2020	880	1520	2300	520	1220	710	1670	2100	540	0	2790	600	2130	1550	820	870	1350	590	1300	1430	2150	2570	420	820	1510	660	300
Moskva	2541	3217	3730	2630	2147	1856	2680	3580	1900	3650	2645	1918	1953	2830	3560	3650	2410	2380	2650	2995	2930	2130	2700	1230	2580	2430	2610	2410	2250	4810	2410	3010	2624	4216	4790	3260	2790	0	2420	1910	4000	2956	1897	2280	3110	2040	2345	1370	1050	2310	1970	1280	2270	2564
München	843	2227	1410	470	988	584	440	1320	530	1440	798	1701	711	1010	1560	1780	1070	400	1320	583	700	782	2610	1880	600	160	1810	580	1094	2680	440	1130	590	2030	2460	1110	600	2420	0	1670	1880	831	380	930	925	890	1350	1715	2200	510	446	1140	570	302
Oslo	1370	3460	2720	1750	2300	1000	1840	2410	1670	3100	1530	2734	1962	1740	2470	2560	550	1420	inf	1990	2270	930	2100	980	1450	1850	3280	1360	610	3640	1780	1920	1560	3100	3780	2380	2130	1910	1670	0	3570	1850	1350	800	2610	750	2720	540	670	2230	1660	1490	1920	1833
Palermo	2690	3340	2370	1930	2170	2450	1900	2500	2100	630	2480	2760	2210	2680	3320	3410	2920	2240	3160	1880	1470	2640	5440	4030	2660	1720	3150	2430	2960	3650	1650	2770	2260	3000	3430	1870	1550	4000	1880	3570	0	2360	2250	2790	960	2740	2560	3590	3780	1540	2030	2720	1780	1850
Paris	510	2940	1110	490	1780	1090	550	560	1270	1790	300	2447	1561	290	1000	1090	1200	571	1440	571	940	920	3720	2310	480	860	2750	490	1240	1792	1340	450	340	1250	1830	770	820	2956	831	1850	2360	0	1000	1070	1400	1230	2170	1870	2680	1240	1200	1620	1470	581
Praha	910	2130	1690	730	969	340	780	1540	320	1800	911	1460	574	1120	1860	1950	910	500	1150	948	1030	630	3220	1810	990	530	1890	700	740	2910	690	1310	730	2310	2750	1360	870	1897	380	1350	2250	1000	0	780	1290	630	1360	1370	1680	720	320	620	660	667
Puttgarden	590	2920	1940	970	1750	440	1060	1630	1100	2320	750	2180	1350	960	1690	1780	360	640	570	1170	1490	150	2670	1260	660	1070	2710	580	190	2860	1230	1140	780	2320	2900	1600	1350	2280	930	800	2790	1070	780	0	1830	320	2140	820	1080	1130	1100	1000	1370	1050
Roma	1730	2450	1410	970	1280	1490	940	1540	1210	580	1520	2034	1349	1720	2360	2450	1960	1280	2200	910	510	1680	4480	3070	1760	760	2260	1470	2000	2690	760	1810	1300	2040	2470	910	590	3110	925	2610	960	1400	1290	1830	0	1780	1670	2630	2890	660	1140	1830	900	888
Sassnitz	600	2760	2100	1130	1600	290	1220	1790	950	2300	910	2320	1490	1130	1850	1940	590	800	760	1370	1420	310	2850	1210	830	1020	2580	740	160	3020	1080	1300	940	2480	3060	1760	1300	2040	890	750	2740	1230	630	320	1780	0	1990	770	1030	1010	980	760	1220	1000
Sofija	2190	820	2470	1770	390	1700	1720	2430	1040	2070	2060	427	777	2250	2970	3060	2270	1740	2510	1760	1570	1990	4590	3180	2220	1300	590	1930	2070	3750	900	2420	1820	3070	3530	1970	1430	2345	1350	2720	2560	2170	1360	2140	1670	1990	0	2740	2530	2260	1040	1470	770	1672
Stockholm	1390	3470	2740	1770	2320	1020	1860	2430	1690	3120	1550	2764	1992	1760	2490	2580	920	1440	1120	2010	2290	950	1850	inf	1470	1870	3300	1380	630	3660	1800	1940	1580	3120	3800	2400	2150	1370	1715	540	3590	1870	1370	820	2630	770	2740	0	inf	1700	1680	1510	1940	1863
Tallinn	2280	3310	3510	2410	2140	1620	2460	3360	1680	3430	2400	2270	1740	2610	3340	3430	1040	2160	700	2610	2710	1910	1470	inf	2360	2210	3000	2190	770	4590	2190	2790	2410	3990	4570	3040	2570	1050	2200	670	3780	2680	1680	1080	2890	1030	2530	inf	0	3210	1750	1060	2050	2330
Trieste	1360	1790	1440	770	620	1090	770	1420	520	1100	1250	1210	560	1460	2170	2270	1260	900	1500	740	550	1300	1500	2700	1230	480	1600	1090	1640	2710	100	1620	1030	2060	2500	960	420	2310	510	2230	1540	1240	720	1130	660	1010	2260	1700	3210	0	500	1190	240	710
Wien	1160	1810	1760	840	650	660	860	1720	70	1680	1120	1151	265	1360	2060	2150	1230	720	1470	1010	970	950	3530	2120	1200	460	1570	910	1040	3000	350	1510	930	2380	2820	1370	820	1970	446	1660	2030	1200	320	1100	1140	980	1040	1680	1750	500	0	690	990	748
Warszawa	1220	2250	2450	1350	1080	560	1400	2300	620	2370	1340	1181	674	1550	2280	2370	1130	1100	1370	1550	1650	850	3360	1950	1300	1150	1940	1130	970	3530	1130	1730	1350	2930	3510	1980	1510	1280	1140	1490	2720	1620	620	1000	1830	760	1470	1510	1060	1190	690	0	370	1298
Zagreb	1410	1560	1680	1000	390	1440	920	1650	440	1420	1480	970	330	1700	2400	2500	1500	970	1740	980	790	1210	3790	2370	1460	520	1360	1330	1300	2950	140	1650	1050	2300	2740	1200	660	2270	570	1920	1780	1470	660	1370	900	1220	770	1940	2050	240	990	370	0	950
Zürich	880	2599	1050	90	1290	845	130	990	820	1290	659	2003	1013	840	1567	1620	1210	440	1450	281	410	932	3730	2223	840	290	2270	560	1239	2228	810	1033	443	1696	2120	675	300	2564	302	1833	1850	581	667	1050	888	1000	1672	1863	2330	710	748	1298	950	0
